file_name	Nb_frags	Trans	SignalInPlottedRegion	FragmentsInPlottedRegion
segToFrag_E9_FLB_invTDOM_Hoxd11.bw	7919	37.75541629393789	43.92020672703358	766
segToFrag_E9_FLB_invTDOM_Hoxd9.bw	32421	65.22002528410474	21.7778188472747	909
segToFrag_E9_FLB_delCS3840_Hoxd11_neq2.bw	15880	29.593648111910465	51.3048462426127	1302
segToFrag_E12_PFL_delCTCFs_Hoxd4.bw	17487	44.10229323310304	39.95490627958249	1229
segToFrag_E12_PFL_wt_Hoxd9.bw	48840	50.0008475385072	32.71016597253757	1247
segToFrag_E12_PFL_delCTCFs_Hoxd11.bw	10932	37.699295222367866	43.44409745666553	1006
segToFrag_E9_FLB_wt_Hoxd4.bw	12668	40.81261202767298	48.02921737105379	1145
segToFrag_E9_FLB_delCS3840_CS93.bw	7147	38.46848486544917	43.80498301628865	1040
segToFrag_E9_FLB_invCS3840_CS93.bw	10241	26.261744035288913	51.00593929157319	1252
segToFrag_E12_PFL_wt_Hoxd4_neq5.bw	101811	54.21251264602969	34.240018531324516	1427
segToFrag_E9_FLB_invTDOM_CS65.bw	20386	53.425241864171255	30.400902077100664	1190
segToFrag_E9_FLB_wt_ELCR2.bw	18914	57.31370554949358	29.859268014654777	955
segToFrag_E9_FLB_wt_Hoxd13.bw	42944	38.60442540469937	37.505982936738235	1335
segToFrag_E9_FLB_delCS3840_Hoxd4_neq2.bw	28314	34.85278326623362	51.71750986281382	1373
segToFrag_E9_FLB_delCS3840_ELCR2_neq2.bw	24025	49.100273291345964	37.244434285327586	1187
segToFrag_E9_FLB_invTDOM_ELCR2.bw	19501	59.21330483355462	26.323682288215338	983
segToFrag_E9_FLB_wt_CTCF-37154.bw	7311	45.93450079759134	42.96764295221266	923
segToFrag_E9_FLB_invTDOM_Hoxd4.bw	16515	44.3874478851091	38.62600324856399	1141
segToFrag_E9_FLB_wt_CS65.bw	20969	53.625882400112744	30.731839670709302	1204
segToFrag_E9_FLB_invCS3840_Hoxd11_neq2.bw	15166	30.274482258880543	50.08457398046386	1328
segToFrag_E9_FLB_wt_Hoxd11.bw	8189	37.84347219477782	46.71702869177087	955
segToFrag_E12_PFL_invTDOMdelBd_Hoxd4.bw	11032	46.93873138874819	42.80894539050458	833
segToFrag_E9_FLB_wt_CS93.bw	7715	48.74187157786518	36.595095275874215	958
segToFrag_E9_FLB_invCS3840_Hoxd9.bw	38254	57.12523473604338	28.71491815587179	1247
segToFrag_E9_FLB_invCS3840_ELCR2_neq2.bw	30791	43.353143962581164	40.2786674759915	1305
segToFrag_E9_FLB_wt_CS40.bw	17430	45.05827736354975	43.150604309855964	1246
segToFrag_E12_PFL_invTDOM_CTCF-37157.bw	29942	60.748373893356764	24.48970939870104	892
segToFrag_E9_FLB_invTDOM_CS93.bw	10692	48.06376292131953	33.8475504074457	1077
segToFrag_E12_PFL_invTDOMdelBd_CTCF-37141.bw	14642	56.143962021992046	33.007325794083094	952
segToFrag_E9_FLB_invTDOM_CS40.bw	18216	47.90779821772881	36.281884342165945	1221
segToFrag_E9_FLB_invCS3840_CTCF-37141.bw	11499	25.591216108924307	52.624088079013205	1324
segToFrag_E12_PFL_wt_CS65_neq2.bw	50528	68.84358005510988	19.938215047160377	1119
segToFrag_E9_FLB_delCS3840_Hoxd9_neq2.bw	40029	53.532118291362664	32.521865788788986	1326
segToFrag_E9_FLB_invTDOM_CTCF-37154.bw	12359	44.03984836247437	40.062462744600204	1210
segToFrag_E9_FLB_wt_CTCF-37141_neq2.bw	34846	57.971685825685505	31.072254240915047	1275
segToFrag_E9_FLB_invCS3840_CS65.bw	17166	28.44394440299497	48.86652250628181	1370
segToFrag_E9_FLB_delCS3840_CS65_neq2.bw	35336	47.23805734711842	37.09241779262731	1356
segToFrag_E12_PFL_delCTCFs_Hoxd9.bw	44103	67.24718422532781	21.336406862793297	1100
segToFrag_E12_PFL_invTDOM_CS38.bw	12608	52.187392153827126	29.91210156125201	1025
segToFrag_E12_PFL_delCTCFs_CS65.bw	27540	61.81664845534187	22.745753788593454	1173
segToFrag_E12_PFL_invTDOM_Hoxd4.bw	19915	47.883459421096454	39.46364359364383	895
segToFrag_E9_FLB_invCS3840_Hoxd4_neq2.bw	24502	32.58753895448196	51.52289702570901	1379
segToFrag_E12_PFL_delCTCFs_CS38.bw	15802	42.48862403798038	40.66504958495362	1131
segToFrag_E9_FLB_delCS3840_CTCF-37154.bw	8165	29.768703259830275	56.25537735026709	1197
segToFrag_E12_PFL_wt_CS38_neq6.bw	107124	53.34843094711085	34.65378338856804	1439
segToFrag_E12_PFL_invTDOM_CTCF-37141.bw	17572	52.71528486335457	34.75607429652839	1057
segToFrag_E12_PFL_invTDOMdelBd_Hoxd9.bw	37963	77.85192891063402	14.19495536727714	630
segToFrag_E12_PFL_invTDOMdelBd_CTCF-37157.bw	21581	68.1148787591611	19.782928442955473	811
segToFrag_E12_PFL_invTDOMdelBd_CS38.bw	11995	57.932485038987735	29.20745195335719	951
segToFrag_E12_PFL_wt_Hoxd11_neq3.bw	24207	33.21839304248777	46.18435029101081	1308
segToFrag_E9_FLB_wt_Hoxd9.bw	24541	56.492406238656365	31.646030722159395	982
segToFrag_E9_FLB_invCS3840_Hoxd13.bw	14579	16.448491014400844	47.491689095314285	1331
segToFrag_E12_PFL_invTDOM_Hoxd9.bw	40619	58.059324513470976	28.02314528367669	804
segToFrag_E12_PFL_invTDOM_Hoxd11.bw	16033	38.74197088631075	46.45179319170653	1126
segToFrag_E9_FLB_invCS3840_CS40_neq2.bw	32764	34.07358615208498	49.57349463696421	1425
segToFrag_E9_FLB_invTDOM_CTCF-37141.bw	13900	53.92451067387197	30.69049262452483	1077
segToFrag_E9_FLB_invCS3840_CTCF-37154.bw	10678	23.25151153766234	56.16904408631108	1342
segToFrag_E12_PFL_invTDOMdelBd_Hoxd11.bw	8324	36.54667628179974	51.85509378689622	626
segToFrag_E9_FLB_delCS3840_CTCF-37141_neq2.bw	31797	45.627214075015786	41.88531128381799	1343
